41899 	 1.012453 	 0.000171 	 133.316406 	 0.022475
41992 	 1.002101 	 0.000145 	 134.693599 	 0.019526
42640 	 1.002481 	 0.000141 	 134.642565 	 0.018933
42331 	 0.999177 	 0.000140 	 135.087774 	 0.018936
42178 	 0.999255 	 0.000142 	 135.077206 	 0.019252
41966 	 1.002848 	 0.000168 	 134.593236 	 0.022496
42558 	 1.000768 	 0.000477 	 134.873008 	 0.064325
42576 	 0.999236 	 0.000482 	 135.079738 	 0.065098
42517 	 0.999280 	 0.000141 	 135.073860 	 0.019022
42627 	 1.000033 	 0.000228 	 134.972150 	 0.030808
41912 	 1.007268 	 0.000141 	 134.002650 	 0.018778
42137 	 1.000237 	 0.000147 	 134.944645 	 0.019848
41938 	 0.998540 	 0.000672 	 135.173892 	 0.090976
42358 	 0.998952 	 0.000140 	 135.118182 	 0.018958
42080 	 1.000415 	 0.000170 	 134.920571 	 0.022955
42433 	 1.002209 	 0.000142 	 134.679079 	 0.019099
42216 	 0.999155 	 0.000140 	 135.090788 	 0.018969
42031 	 1.002181 	 0.000164 	 134.682898 	 0.022099
42208 	 0.999541 	 0.000146 	 135.038615 	 0.019736
42633 	 0.999714 	 0.000195 	 135.015149 	 0.026273
42173 	 0.998960 	 0.000206 	 135.117082 	 0.027929
42157 	 1.000127 	 0.000143 	 134.959421 	 0.019354
42207 	 0.999571 	 0.000192 	 135.034465 	 0.025921
42386 	 0.999253 	 0.000143 	 135.077534 	 0.019385
42500 	 0.998960 	 0.000206 	 135.117148 	 0.027796
42140 	 0.999627 	 0.000134 	 135.026957 	 0.018113
42564 	 0.998149 	 0.000782 	 135.226871 	 0.105977
42117 	 1.000364 	 0.000141 	 134.927525 	 0.019079
42399 	 0.998844 	 0.000146 	 135.132771 	 0.019702
42212 	 0.999363 	 0.000146 	 135.062605 	 0.019782
42600 	 1.000643 	 0.000140 	 134.889818 	 0.018869
42346 	 0.977928 	 0.039054 	 138.023045 	 5.512039
42598 	 0.999801 	 0.000195 	 135.003435 	 0.026361
42170 	 0.999596 	 0.000142 	 135.031191 	 0.019223
42435 	 1.000993 	 0.000139 	 134.842718 	 0.018752
42549 	 0.998457 	 0.001420 	 135.185244 	 0.192243
42449 	 0.999881 	 0.000141 	 134.992643 	 0.019098
42579 	 0.997173 	 0.000499 	 135.359223 	 0.067801
42391 	 0.999302 	 0.000144 	 135.070858 	 0.019430
41980 	 1.002599 	 0.000144 	 134.626647 	 0.019349
41955 	 1.003287 	 0.000227 	 134.534356 	 0.030401
42560 	 1.000857 	 0.000768 	 134.860957 	 0.103489
42274 	 0.999899 	 0.000145 	 134.990269 	 0.019625
42606 	 0.999947 	 0.000260 	 134.983704 	 0.035061
42280 	 0.999246 	 0.000144 	 135.078450 	 0.019458
42487 	 0.998969 	 0.000138 	 135.115968 	 0.018676
41922 	 1.005336 	 0.000142 	 134.260206 	 0.018959
42414 	 0.999234 	 0.000141 	 135.080131 	 0.019024
42150 	 1.000204 	 0.000144 	 134.949010 	 0.019409
42313 	 0.997756 	 0.000558 	 135.280207 	 0.075674
42566 	 0.996140 	 0.000521 	 135.499581 	 0.070908
42139 	 0.999586 	 0.000148 	 135.032471 	 0.019933
42318 	 0.999739 	 0.000146 	 135.011827 	 0.019670
42198 	 0.999969 	 0.000147 	 134.980751 	 0.019865
42484 	 0.998735 	 0.000139 	 135.147576 	 0.018855
42458 	 0.999478 	 0.000137 	 135.047138 	 0.018570
42032 	 0.998309 	 0.001546 	 135.205181 	 0.209407
42401 	 0.999083 	 0.000141 	 135.100467 	 0.019123
42610 	 0.999947 	 0.000136 	 134.983749 	 0.018384
42481 	 0.999034 	 0.000140 	 135.107085 	 0.018939
42488 	 0.999186 	 0.000171 	 135.086612 	 0.023157
42451 	 0.999481 	 0.000130 	 135.046639 	 0.017601
42293 	 0.999336 	 0.000138 	 135.066292 	 0.018590
42181 	 0.999590 	 0.000141 	 135.031985 	 0.019032
42587 	 0.996082 	 0.000639 	 135.507567 	 0.086876
42377 	 1.000896 	 0.000138 	 134.855737 	 0.018610
42338 	 0.999218 	 0.000140 	 135.082237 	 0.018916
42059 	 1.001268 	 0.000351 	 134.805684 	 0.047301
42419 	 0.999721 	 0.000141 	 135.014319 	 0.018994
42431 	 1.000976 	 0.000138 	 134.844925 	 0.018566
42544 	 1.003163 	 0.000521 	 134.551031 	 0.069826
42199 	 1.000015 	 0.000147 	 134.974609 	 0.019900
42577 	 1.000445 	 0.000508 	 134.916509 	 0.068448
42521 	 0.999457 	 0.000137 	 135.049895 	 0.018510
42584 	 0.998942 	 0.000612 	 135.119562 	 0.082720
42480 	 0.999211 	 0.000138 	 135.083118 	 0.018702
42067 	 1.000656 	 0.000165 	 134.888051 	 0.022204
41907 	 1.009526 	 0.000147 	 133.702901 	 0.019419
42468 	 0.999070 	 0.000136 	 135.102186 	 0.018414
42543 	 1.000862 	 0.000501 	 134.860368 	 0.067474
42083 	 0.999977 	 0.000155 	 134.979771 	 0.020925
41972 	 1.002727 	 0.000142 	 134.609471 	 0.019112
42021 	 1.000998 	 0.000146 	 134.842085 	 0.019659
42367 	 0.999694 	 0.000138 	 135.017964 	 0.018579
42574 	 1.003348 	 0.000480 	 134.526257 	 0.064403
42602 	 1.000928 	 0.000256 	 134.851459 	 0.034479
42473 	 0.999396 	 0.000139 	 135.058218 	 0.018718
42434 	 1.001898 	 0.000200 	 134.720935 	 0.026888
42512 	 0.999203 	 0.000155 	 135.084329 	 0.020915
42501 	 0.999471 	 0.000141 	 135.047978 	 0.019068
42149 	 1.000151 	 0.000144 	 134.956210 	 0.019470
42492 	 0.998230 	 0.000264 	 135.215948 	 0.035701
41949 	 1.004425 	 0.000140 	 134.381997 	 0.018717
42355 	 0.999163 	 0.000137 	 135.089668 	 0.018575
42547 	 0.997743 	 0.000507 	 135.281927 	 0.068700
42460 	 0.999859 	 0.000139 	 134.995691 	 0.018834
42479 	 0.999187 	 0.000139 	 135.086431 	 0.018781
41903 	 1.015604 	 0.001783 	 132.902845 	 0.233268
42006 	 1.002300 	 0.000147 	 134.666850 	 0.019764
42030 	 1.002098 	 0.000144 	 134.693947 	 0.019303
42605 	 1.000405 	 0.000139 	 134.921919 	 0.018749
42202 	 0.999779 	 0.000148 	 135.006377 	 0.019996
42581 	 0.998425 	 0.000494 	 135.189578 	 0.066913
41897 	 1.015754 	 0.000140 	 132.883104 	 0.018339
42087 	 0.999955 	 0.000235 	 134.982621 	 0.031668
42314 	 0.999664 	 0.000144 	 135.022009 	 0.019510
42365 	 0.999082 	 0.000141 	 135.100659 	 0.019035
42321 	 1.000078 	 0.000378 	 134.966106 	 0.051067
42162 	 1.000688 	 0.000141 	 134.883784 	 0.019035
42546 	 1.002003 	 0.000493 	 134.706827 	 0.066222
41982 	 1.002076 	 0.000278 	 134.697018 	 0.037363
42220 	 1.000975 	 0.000141 	 134.845098 	 0.019046
42077 	 1.000216 	 0.000144 	 134.947403 	 0.019474
42171 	 0.999958 	 0.000141 	 134.982249 	 0.019064
42557 	 0.998583 	 0.000482 	 135.168082 	 0.065299
42601 	 1.000495 	 0.000194 	 134.909837 	 0.026121
42057 	 1.001330 	 0.000143 	 134.797271 	 0.019257
42509 	 0.999745 	 0.000139 	 135.011003 	 0.018818
42428 	 1.001873 	 0.000341 	 134.724226 	 0.045921
42556 	 1.002830 	 0.000468 	 134.595733 	 0.062778
41932 	 1.004474 	 0.000139 	 134.375437 	 0.018637
42155 	 0.999794 	 0.000146 	 135.004424 	 0.019655
42022 	 1.001255 	 0.000142 	 134.807448 	 0.019120
42256 	 1.000993 	 0.000205 	 134.842749 	 0.027660
42282 	 0.999613 	 0.000144 	 135.028903 	 0.019418
42485 	 0.999521 	 0.000141 	 135.041258 	 0.019026
41944 	 1.006062 	 0.000145 	 134.163288 	 0.019315
42001 	 1.001991 	 0.000143 	 134.708379 	 0.019275
42432 	 1.002390 	 0.000142 	 134.654767 	 0.019114
42076 	 1.000265 	 0.000141 	 134.940906 	 0.019056
42064 	 1.000686 	 0.000142 	 134.884128 	 0.019116
42641 	 1.002253 	 0.000139 	 134.673145 	 0.018677
42133 	 1.000346 	 0.000857 	 134.929934 	 0.115573
41958 	 1.002923 	 0.000142 	 134.583172 	 0.019065
42405 	 0.998758 	 0.000343 	 135.144464 	 0.046450
42508 	 0.999746 	 0.000239 	 135.010921 	 0.032340
42192 	 1.000653 	 0.000905 	 134.888481 	 0.121958
41935 	 1.004452 	 0.000141 	 134.378288 	 0.018799
42203 	 0.999448 	 0.000145 	 135.051086 	 0.019605
42011 	 1.001883 	 0.000143 	 134.722968 	 0.019286
42490 	 0.999007 	 0.000139 	 135.110771 	 0.018826
42453 	 0.999616 	 0.000141 	 135.028465 	 0.019023
42464 	 0.999609 	 0.000138 	 135.029400 	 0.018674
41921 	 1.005427 	 0.000141 	 134.248013 	 0.018795
42232 	 1.000338 	 0.000157 	 134.931037 	 0.021237
42095 	 0.999756 	 0.000214 	 135.009494 	 0.028892
42569 	 0.997209 	 0.000556 	 135.354441 	 0.075425
42172 	 0.999219 	 0.000141 	 135.082068 	 0.019114
42406 	 0.998773 	 0.000141 	 135.142390 	 0.019018
42415 	 0.999719 	 0.000140 	 135.014473 	 0.018975
42231 	 1.003768 	 0.000205 	 134.469899 	 0.027461
41919 	 1.004862 	 0.000147 	 134.323548 	 0.019633
42169 	 0.999760 	 0.000141 	 135.008993 	 0.019105
42058 	 1.001517 	 0.000140 	 134.772169 	 0.018867
42119 	 1.000833 	 0.000144 	 134.864199 	 0.019395
41952 	 1.004080 	 0.000145 	 134.428155 	 0.019404
42159 	 1.000344 	 0.000323 	 134.930157 	 0.043521
42510 	 0.999097 	 0.000139 	 135.098590 	 0.018792
41969 	 1.003003 	 0.000143 	 134.572501 	 0.019128
42596 	 0.999848 	 0.000587 	 134.997065 	 0.079270
41973 	 1.003082 	 0.000141 	 134.561917 	 0.018923
42041 	 1.001937 	 0.000142 	 134.715629 	 0.019153
42222 	 1.000471 	 0.000141 	 134.913116 	 0.018955
42301 	 0.999581 	 0.000138 	 135.033197 	 0.018659
42477 	 0.999426 	 0.000188 	 135.054114 	 0.025357
42339 	 0.999170 	 0.000143 	 135.088760 	 0.019339
42454 	 0.999558 	 0.000141 	 135.036260 	 0.019038
42243 	 0.999838 	 0.000140 	 134.998441 	 0.018954
42284 	 0.999097 	 0.000141 	 135.098584 	 0.019128
42621 	 1.000857 	 0.000141 	 134.861001 	 0.019050
42456 	 1.000006 	 0.000152 	 134.975839 	 0.020491
42156 	 1.000625 	 0.000201 	 134.892295 	 0.027141
42529 	 1.011213 	 0.001470 	 133.479943 	 0.194031
42240 	 0.999618 	 0.000136 	 135.028208 	 0.018392
42360 	 0.998286 	 0.000234 	 135.208363 	 0.031753
42337 	 0.999269 	 0.000142 	 135.075401 	 0.019177
42394 	 0.999224 	 0.000139 	 135.081460 	 0.018827
42154 	 0.999693 	 0.000209 	 135.018108 	 0.028174
42531 	 1.005470 	 0.001383 	 134.242239 	 0.184705
42498 	 0.999605 	 0.000140 	 135.029888 	 0.018871
42043 	 1.002207 	 0.000203 	 134.679297 	 0.027268
42250 	 0.999119 	 0.000152 	 135.095569 	 0.020520
42027 	 1.000877 	 0.000144 	 134.858340 	 0.019345
42075 	 1.000292 	 0.000142 	 134.937151 	 0.019154
42088 	 1.000422 	 0.000145 	 134.919699 	 0.019557
42200 	 0.999502 	 0.000159 	 135.043824 	 0.021532
42111 	 1.000062 	 0.000144 	 134.968227 	 0.019372
42619 	 1.001929 	 0.000142 	 134.716671 	 0.019050
42499 	 0.999758 	 0.000140 	 135.009310 	 0.018969
42642 	 1.001869 	 0.000139 	 134.724857 	 0.018712
41931 	 1.004817 	 0.000464 	 134.329579 	 0.062094
42424 	 1.002339 	 0.000142 	 134.661594 	 0.019104
42368 	 0.998903 	 0.000144 	 135.124769 	 0.019472
42446 	 1.000211 	 0.000141 	 134.948155 	 0.019067
42329 	 1.000004 	 0.000140 	 134.976003 	 0.018876
42054 	 1.000914 	 0.000373 	 134.853398 	 0.050241
42177 	 0.999218 	 0.000142 	 135.082223 	 0.019206
42353 	 0.999211 	 0.000139 	 135.083211 	 0.018786
42506 	 1.000484 	 0.000148 	 134.911290 	 0.020021
42206 	 0.999433 	 0.000143 	 135.053143 	 0.019283
42108 	 1.000410 	 0.000144 	 134.921334 	 0.019419
42246 	 0.999249 	 0.000139 	 135.078060 	 0.018857
42141 	 1.000067 	 0.000147 	 134.967610 	 0.019867
42039 	 1.001077 	 0.000141 	 134.831372 	 0.019014
42344 	 0.999392 	 0.000144 	 135.058685 	 0.019503
42109 	 1.000130 	 0.000143 	 134.959087 	 0.019317
42053 	 1.001270 	 0.000145 	 134.805373 	 0.019542
42466 	 0.999757 	 0.000140 	 135.009428 	 0.018918
42096 	 0.999560 	 0.000258 	 135.035991 	 0.034797
42020 	 1.001203 	 0.000139 	 134.814381 	 0.018699
41896 	 1.017540 	 0.000162 	 132.649912 	 0.021057
42539 	 0.999555 	 0.000515 	 135.036706 	 0.069630
42390 	 0.998801 	 0.000144 	 135.138676 	 0.019550
42287 	 0.992673 	 0.000007 	 135.972844 	 0.000915
42295 	 0.999467 	 0.000139 	 135.048593 	 0.018757
42615 	 0.999233 	 0.000140 	 135.080207 	 0.018891
42074 	 1.000133 	 0.000142 	 134.958716 	 0.019125
42143 	 1.000083 	 0.041274 	 134.965333 	 5.570052
42093 	 0.999773 	 0.000563 	 135.007195 	 0.075979
41937 	 1.003995 	 0.000142 	 134.439527 	 0.019072
42138 	 1.000044 	 0.000140 	 134.970638 	 0.018927
41977 	 1.002685 	 0.000143 	 134.615223 	 0.019164
42603 	 1.000205 	 0.000134 	 134.948884 	 0.018124
42164 	 1.000083 	 0.000178 	 134.965462 	 0.024055
41998 	 1.002154 	 0.000204 	 134.686479 	 0.027474
41970 	 1.003034 	 0.000142 	 134.568340 	 0.018988
42185 	 0.999402 	 0.000145 	 135.057387 	 0.019656
42612 	 0.999368 	 0.000138 	 135.061954 	 0.018621
42205 	 0.999012 	 0.000147 	 135.110043 	 0.019839
42404 	 0.998741 	 0.000143 	 135.146740 	 0.019346
42636 	 1.004458 	 0.000140 	 134.377549 	 0.018746
42265 	 0.999573 	 0.000185 	 135.034196 	 0.025013
42224 	 1.000582 	 0.000140 	 134.898023 	 0.018867
42130 	 1.000080 	 0.000149 	 134.965767 	 0.020155
42356 	 0.998753 	 0.000147 	 135.145096 	 0.019857
41926 	 1.005009 	 0.000142 	 134.303918 	 0.018918
42413 	 0.998622 	 0.000275 	 135.162844 	 0.037190
42476 	 0.999238 	 0.000142 	 135.079471 	 0.019155
42123 	 1.000078 	 0.000141 	 134.966095 	 0.019065
42513 	 0.999292 	 0.000217 	 135.072263 	 0.029310
42098 	 1.000592 	 0.000148 	 134.896755 	 0.019953
42582 	 1.000145 	 0.000489 	 134.957082 	 0.065977
41923 	 1.005338 	 0.000146 	 134.259888 	 0.019563
42418 	 0.999943 	 0.000142 	 134.984358 	 0.019138
42062 	 1.000609 	 0.000143 	 134.894511 	 0.019216
42182 	 0.999615 	 0.000146 	 135.028565 	 0.019729
41916 	 1.006181 	 0.000140 	 134.147407 	 0.018708
42125 	 1.000503 	 0.000144 	 134.908698 	 0.019431
42285 	 0.999511 	 0.000143 	 135.042641 	 0.019286
41961 	 1.002806 	 0.000141 	 134.598853 	 0.018938
42545 	 0.996515 	 0.000508 	 135.448688 	 0.069015
41910 	 1.008333 	 0.000196 	 133.861200 	 0.025990
42118 	 1.000138 	 0.000143 	 134.957965 	 0.019235
41941 	 1.006605 	 0.000169 	 134.090975 	 0.022525
42072 	 1.000633 	 0.000171 	 134.891184 	 0.023037
42471 	 0.999469 	 0.000141 	 135.048334 	 0.019041
42094 	 0.999050 	 0.000142 	 135.104916 	 0.019266
42008 	 1.001910 	 0.000140 	 134.719233 	 0.018807
42045 	 1.001858 	 0.000137 	 134.726268 	 0.018415
42425 	 1.002244 	 0.000140 	 134.674341 	 0.018807
42188 	 0.999460 	 0.000147 	 135.049471 	 0.019889
42554 	 0.992547 	 0.000007 	 135.990119 	 0.000976
42630 	 1.000130 	 0.000140 	 134.959070 	 0.018866
42063 	 1.001032 	 0.000142 	 134.837432 	 0.019097
42555 	 1.002220 	 0.000480 	 134.677645 	 0.064516
42290 	 0.999477 	 0.000140 	 135.047204 	 0.018933
41987 	 1.002523 	 0.000142 	 134.636847 	 0.019019
42342 	 0.999003 	 0.000137 	 135.111332 	 0.018576
42269 	 0.999337 	 0.000143 	 135.066205 	 0.019317
42591 	 1.000899 	 0.000502 	 134.855325 	 0.067585
42572 	 0.991553 	 0.000979 	 136.126462 	 0.134401
42144 	 1.000479 	 0.000145 	 134.911948 	 0.019562
42478 	 0.998475 	 0.000141 	 135.182758 	 0.019051
42389 	 0.999652 	 0.000237 	 135.023634 	 0.031978
42227 	 1.000121 	 0.000141 	 134.960259 	 0.018971
41915 	 1.006323 	 0.000147 	 134.128556 	 0.019557
42470 	 0.999212 	 0.000140 	 135.083062 	 0.018923
42296 	 0.999125 	 0.000140 	 135.094816 	 0.018986
42514 	 0.998804 	 0.000141 	 135.138270 	 0.019035
42086 	 1.000196 	 0.000147 	 134.950123 	 0.019867
42327 	 0.999704 	 0.054428 	 135.016505 	 7.350798
42029 	 1.002102 	 0.000141 	 134.693408 	 0.018978
42122 	 0.999991 	 0.000149 	 134.977840 	 0.020067
42638 	 1.003357 	 0.000142 	 134.524933 	 0.018972
42023 	 1.001384 	 0.000144 	 134.790100 	 0.019450
42616 	 0.999171 	 0.000159 	 135.088603 	 0.021527
41900 	 1.011145 	 0.000141 	 133.488922 	 0.018572
42398 	 0.999177 	 0.000193 	 135.087747 	 0.026087
42403 	 0.998909 	 0.000140 	 135.123985 	 0.018882
42437 	 1.000874 	 0.000144 	 134.858756 	 0.019353
42491 	 0.999066 	 0.000139 	 135.102807 	 0.018784
42385 	 0.999395 	 0.000146 	 135.058336 	 0.019740
42271 	 0.999887 	 0.000136 	 134.991830 	 0.018362
42302 	 0.999082 	 0.000138 	 135.100649 	 0.018691
42562 	 1.001890 	 0.000475 	 134.722015 	 0.063881
42112 	 1.000169 	 0.000143 	 134.953754 	 0.019357
41963 	 1.002417 	 0.000247 	 134.651200 	 0.033157
41901 	 1.010958 	 0.000328 	 133.513594 	 0.043318
42381 	 0.999773 	 0.000130 	 135.007255 	 0.017506
42443 	 1.000629 	 0.000144 	 134.891724 	 0.019387
42009 	 1.001724 	 0.000201 	 134.744314 	 0.026983
42219 	 1.001084 	 0.000140 	 134.830500 	 0.018882
42175 	 0.999103 	 0.000142 	 135.097751 	 0.019172
41920 	 1.005741 	 0.000146 	 134.206170 	 0.019544
42253 	 1.001019 	 0.000143 	 134.839239 	 0.019243
42267 	 0.997845 	 0.001768 	 135.268062 	 0.239637
42242 	 0.999523 	 0.000140 	 135.041058 	 0.018922
42457 	 0.999670 	 0.000139 	 135.021123 	 0.018753
42317 	 0.999958 	 0.000144 	 134.982263 	 0.019389
42105 	 1.000200 	 0.000160 	 134.949671 	 0.021643
42575 	 1.006366 	 0.000488 	 134.122818 	 0.064976
42455 	 0.999543 	 0.000195 	 135.038269 	 0.026338
42620 	 1.001769 	 0.000143 	 134.738227 	 0.019266
42326 	 0.999856 	 0.000139 	 134.996048 	 0.018766
42334 	 0.999540 	 0.000150 	 135.038763 	 0.020206
42472 	 0.999368 	 0.000140 	 135.061977 	 0.018964
42535 	 0.999798 	 0.000997 	 135.003910 	 0.134571
42276 	 0.999335 	 0.000141 	 135.066470 	 0.019113
42341 	 0.999129 	 0.000139 	 135.094283 	 0.018738
42091 	 1.000297 	 0.000150 	 134.936478 	 0.020214
42450 	 0.999740 	 0.000140 	 135.011722 	 0.018860
42439 	 1.001400 	 0.000143 	 134.787851 	 0.019222
42270 	 0.999082 	 0.000207 	 135.100689 	 0.027992
42429 	 1.001070 	 0.000138 	 134.832342 	 0.018592
42379 	 1.000072 	 0.000144 	 134.966874 	 0.019374
42536 	 1.000481 	 0.000529 	 134.911705 	 0.071367
41985 	 1.002200 	 0.000144 	 134.680351 	 0.019402
42089 	 1.000097 	 0.000144 	 134.963532 	 0.019418
42132 	 0.999801 	 0.000193 	 135.003405 	 0.026098
42195 	 0.999351 	 0.000148 	 135.064294 	 0.020022
42209 	 0.998814 	 0.000148 	 135.136854 	 0.019981
42193 	 0.996899 	 0.001107 	 135.396464 	 0.150364
41930 	 1.004900 	 0.000140 	 134.318378 	 0.018694
42307 	 0.998969 	 0.000140 	 135.115913 	 0.018883
42065 	 0.976840 	 0.041584 	 138.176739 	 5.882239
42012 	 1.001797 	 0.000146 	 134.734421 	 0.019581
42626 	 1.000444 	 0.000142 	 134.916764 	 0.019126
42407 	 0.998888 	 0.000144 	 135.126798 	 0.019476
42408 	 0.998462 	 0.000137 	 135.184559 	 0.018510
42221 	 1.000510 	 0.000142 	 134.907837 	 0.019177
42611 	 0.999626 	 0.000137 	 135.027118 	 0.018567
42226 	 0.999927 	 0.000254 	 134.986437 	 0.034352
42026 	 1.001550 	 0.000140 	 134.767734 	 0.018864
42343 	 0.998456 	 0.000213 	 135.185260 	 0.028877
41936 	 1.004181 	 0.000402 	 134.414670 	 0.053821
42235 	 1.000081 	 0.000139 	 134.965653 	 0.018752
42332 	 0.999248 	 0.000140 	 135.078189 	 0.018961
41968 	 1.002499 	 0.000350 	 134.640150 	 0.046948
42561 	 1.002949 	 0.000467 	 134.579693 	 0.062652
42145 	 1.000289 	 0.000146 	 134.937607 	 0.019682
42247 	 0.999162 	 0.000139 	 135.089850 	 0.018800
42263 	 0.999720 	 0.000143 	 135.014404 	 0.019327
42187 	 0.999759 	 0.000147 	 135.009165 	 0.019858
41965 	 1.003070 	 0.000146 	 134.563467 	 0.019557
42383 	 0.999508 	 0.000137 	 135.043046 	 0.018505
42249 	 1.000009 	 0.000140 	 134.975355 	 0.018921
42505 	 0.999510 	 0.000137 	 135.042733 	 0.018514
41964 	 1.003014 	 0.000142 	 134.571070 	 0.019094
42397 	 0.998909 	 0.000143 	 135.124070 	 0.019401
42078 	 1.000189 	 0.000141 	 134.951051 	 0.019052
42019 	 1.001554 	 0.000144 	 134.767159 	 0.019339
42441 	 1.000366 	 0.000139 	 134.927206 	 0.018721
42071 	 1.000002 	 0.000141 	 134.976347 	 0.019011
42308 	 0.999010 	 0.000141 	 135.110363 	 0.019010
42262 	 0.999713 	 0.000157 	 135.015360 	 0.021136
42225 	 1.000341 	 0.000141 	 134.930586 	 0.018994
42502 	 0.999401 	 0.000138 	 135.057477 	 0.018635
42121 	 1.000377 	 0.000142 	 134.925760 	 0.019116
42055 	 1.001098 	 0.000142 	 134.828563 	 0.019145
42028 	 1.000990 	 0.000222 	 134.843061 	 0.029839
41975 	 1.002758 	 0.000142 	 134.605332 	 0.019066
42191 	 0.999396 	 0.000486 	 135.058179 	 0.065708
42570 	 0.996692 	 0.000547 	 135.424566 	 0.074288
41948 	 1.004208 	 0.000140 	 134.410961 	 0.018696
42184 	 1.034056 	 0.000001 	 130.531178 	 0.000100
42324 	 1.000395 	 0.000138 	 134.923247 	 0.018622
41945 	 1.005934 	 0.000184 	 134.180372 	 0.024519
42237 	 0.999401 	 0.000186 	 135.057535 	 0.025168
42532 	 1.009453 	 0.000591 	 133.712653 	 0.078346
42357 	 0.998976 	 0.000142 	 135.115014 	 0.019270
41924 	 1.005243 	 0.000141 	 134.272603 	 0.018866
42548 	 1.000180 	 0.000489 	 134.952354 	 0.066043
42629 	 0.999925 	 0.000139 	 134.986765 	 0.018747
41978 	 1.002647 	 0.000142 	 134.620314 	 0.019126
41928 	 1.004761 	 0.000147 	 134.337045 	 0.019614
42448 	 0.999958 	 0.000140 	 134.982226 	 0.018872
42017 	 1.002015 	 0.000145 	 134.705123 	 0.019533
42223 	 1.000398 	 0.000142 	 134.922910 	 0.019135
42643 	 1.000908 	 0.000155 	 134.854151 	 0.020827
42542 	 1.000966 	 0.000493 	 134.846372 	 0.066383
42190 	 0.999941 	 0.000149 	 134.984613 	 0.020179
41991 	 1.001611 	 0.000167 	 134.759474 	 0.022437
42580 	 1.000922 	 0.000503 	 134.852256 	 0.067722
42604 	 1.000382 	 0.000138 	 134.925043 	 0.018610
42264 	 1.000132 	 0.000146 	 134.958756 	 0.019748
42286 	 0.999555 	 0.000173 	 135.036646 	 0.023430
42084 	 1.000845 	 0.000194 	 134.862660 	 0.026175
42374 	 1.000150 	 0.000147 	 134.956420 	 0.019824
41940 	 1.006759 	 0.000181 	 134.070374 	 0.024138
42272 	 0.999467 	 0.000144 	 135.048591 	 0.019444
41918 	 1.005817 	 0.000138 	 134.196024 	 0.018475
42400 	 0.998658 	 0.000141 	 135.157932 	 0.019080
42609 	 1.000213 	 0.000138 	 134.947789 	 0.018648
42024 	 1.001129 	 0.000140 	 134.824352 	 0.018913
42204 	 0.999830 	 0.000158 	 134.999566 	 0.021285
42527 	 1.013796 	 0.002716 	 133.139780 	 0.356681
41950 	 1.004456 	 0.000144 	 134.377767 	 0.019204
42189 	 0.999920 	 0.000148 	 134.987419 	 0.019966
42104 	 0.999943 	 0.000143 	 134.984250 	 0.019320
41954 	 1.003453 	 0.000142 	 134.512085 	 0.019084
42361 	 0.999184 	 0.000140 	 135.086868 	 0.018974
42266 	 1.000378 	 0.000168 	 134.925589 	 0.022598
41994 	 1.001760 	 0.000145 	 134.739482 	 0.019554
42396 	 0.999419 	 0.000142 	 135.055053 	 0.019135
42300 	 0.999574 	 0.000139 	 135.034151 	 0.018813
42166 	 1.000235 	 0.000143 	 134.944929 	 0.019357
42444 	 1.000455 	 0.000146 	 134.915192 	 0.019641
42402 	 0.964330 	 0.000049 	 139.969312 	 0.007162
42197 	 0.999741 	 0.000150 	 135.011630 	 0.020201
42583 	 0.998558 	 0.000694 	 135.171563 	 0.093975
41960 	 1.002764 	 0.000217 	 134.604599 	 0.029131
42387 	 0.998977 	 0.000137 	 135.114823 	 0.018564
42309 	 0.998954 	 0.000137 	 135.117935 	 0.018594
42082 	 1.000333 	 0.000146 	 134.931607 	 0.019728
42061 	 1.001155 	 0.000142 	 134.820845 	 0.019134
42252 	 1.001049 	 0.000145 	 134.835181 	 0.019532
41990 	 1.002402 	 0.000147 	 134.653130 	 0.019695
42215 	 0.999372 	 0.000143 	 135.061397 	 0.019308
42469 	 0.999294 	 0.000140 	 135.071946 	 0.018954
42018 	 1.001573 	 0.000147 	 134.764635 	 0.019783
42180 	 0.999240 	 0.000146 	 135.079270 	 0.019738
42124 	 0.999816 	 0.000148 	 135.001378 	 0.019923
42160 	 1.000824 	 0.000169 	 134.865509 	 0.022818
41913 	 1.007285 	 0.000140 	 134.000389 	 0.018640
42003 	 1.002113 	 0.000141 	 134.692016 	 0.018961
42299 	 0.999122 	 0.000140 	 135.095269 	 0.018869
42623 	 1.000605 	 0.000143 	 134.894973 	 0.019218
42128 	 0.999994 	 0.000147 	 134.977444 	 0.019893
41974 	 1.002471 	 0.000143 	 134.643865 	 0.019193
42210 	 0.999122 	 0.000145 	 135.095210 	 0.019648
42142 	 1.000153 	 0.000330 	 134.955894 	 0.044473
42303 	 0.999549 	 0.000140 	 135.037480 	 0.018926
42214 	 0.999499 	 0.000262 	 135.044300 	 0.035347
42049 	 1.001144 	 0.000146 	 134.822393 	 0.019606
42349 	 0.999560 	 0.000139 	 135.035981 	 0.018723
41957 	 1.003162 	 0.000142 	 134.551134 	 0.019067
42126 	 0.999776 	 0.000145 	 135.006867 	 0.019600
42452 	 0.999587 	 0.000140 	 135.032358 	 0.018887
42333 	 0.999002 	 0.000140 	 135.111396 	 0.018893
41997 	 1.001988 	 0.000146 	 134.708822 	 0.019649
41902 	 1.023040 	 0.000003 	 131.936829 	 0.000354
42645 	 1.001128 	 0.000167 	 134.824509 	 0.022518
42323 	 1.000294 	 0.000139 	 134.936984 	 0.018805
42416 	 0.999566 	 0.000149 	 135.035180 	 0.020082
42362 	 0.998907 	 0.000139 	 135.124226 	 0.018812
42238 	 0.999851 	 0.000139 	 134.996733 	 0.018779
42474 	 0.999347 	 0.000144 	 135.064772 	 0.019528
42070 	 1.000227 	 0.000145 	 134.945963 	 0.019545
41898 	 1.013692 	 0.000141 	 133.153528 	 0.018578
42426 	 1.001618 	 0.000140 	 134.758558 	 0.018771
42186 	 0.999447 	 0.000146 	 135.051300 	 0.019720
42297 	 0.999072 	 0.000140 	 135.101987 	 0.018976
42014 	 1.001666 	 0.000167 	 134.752158 	 0.022479
42005 	 1.001477 	 0.000143 	 134.777484 	 0.019234
42420 	 0.999566 	 0.000139 	 135.035225 	 0.018836
41959 	 1.002685 	 0.000144 	 134.615151 	 0.019370
42520 	 0.999299 	 0.000137 	 135.071310 	 0.018510
42201 	 0.965824 	 0.048039 	 139.752757 	 6.951095
41933 	 1.004567 	 0.000140 	 134.362920 	 0.018700
42060 	 1.000740 	 0.000148 	 134.876840 	 0.019945
42292 	 0.999316 	 0.000140 	 135.068958 	 0.018927
42146 	 0.999801 	 0.000144 	 135.003438 	 0.019460
42047 	 1.001318 	 0.000278 	 134.798883 	 0.037436
42376 	 1.000729 	 0.000140 	 134.878298 	 0.018901
42167 	 0.999966 	 0.000142 	 134.981172 	 0.019172
42528 	 1.011026 	 0.003172 	 133.504528 	 0.418843
42371 	 0.999416 	 0.000142 	 135.055412 	 0.019160
41971 	 1.002793 	 0.000146 	 134.600642 	 0.019589
41976 	 1.002676 	 0.000143 	 134.616417 	 0.019227
42056 	 1.001126 	 0.000130 	 134.824834 	 0.017515
42066 	 1.000518 	 0.000167 	 134.906717 	 0.022509
41914 	 1.006892 	 0.000147 	 134.052687 	 0.019634
42430 	 1.000889 	 0.000138 	 134.856659 	 0.018598
42483 	 0.999225 	 0.000139 	 135.081300 	 0.018825
42440 	 1.000732 	 0.000139 	 134.877840 	 0.018785
42565 	 1.004027 	 0.000724 	 134.435206 	 0.096893
42550 	 0.999750 	 0.000513 	 135.010323 	 0.069222
42607 	 1.000044 	 0.000138 	 134.970681 	 0.018576
41946 	 1.004630 	 0.000144 	 134.354502 	 0.019233
42051 	 1.001563 	 0.000141 	 134.765912 	 0.018972
42618 	 1.002118 	 0.000142 	 134.691282 	 0.019045
42335 	 1.038211 	 0.079274 	 130.008859 	 9.927021
42445 	 1.000218 	 0.000143 	 134.947183 	 0.019340
42639 	 1.002832 	 0.000139 	 134.595488 	 0.018692
42427 	 1.001501 	 0.000140 	 134.774243 	 0.018866
42421 	 1.000075 	 0.000139 	 134.966452 	 0.018715
42553 	 1.000526 	 0.000510 	 134.905705 	 0.068789
42537 	 1.005783 	 0.000744 	 134.200466 	 0.099314
42037 	 1.001211 	 0.000143 	 134.813378 	 0.019294
41983 	 1.002024 	 0.000143 	 134.703902 	 0.019196
42370 	 0.998894 	 0.000147 	 135.126048 	 0.019888
42359 	 0.999023 	 0.000138 	 135.108662 	 0.018626
41909 	 0.975834 	 0.038273 	 138.319228 	 5.424947
42364 	 0.999566 	 0.000138 	 135.035187 	 0.018621
42102 	 1.000609 	 0.000145 	 134.894443 	 0.019524
41989 	 1.002394 	 0.000142 	 134.654204 	 0.019082
42599 	 0.999543 	 0.000202 	 135.038363 	 0.027335
42447 	 1.000130 	 0.000141 	 134.959094 	 0.019020
42594 	 1.000484 	 0.000521 	 134.911293 	 0.070242
42048 	 1.000946 	 0.000144 	 134.849009 	 0.019384
42106 	 1.000240 	 0.000145 	 134.944158 	 0.019583
42092 	 1.000243 	 0.000145 	 134.943749 	 0.019525
42158 	 0.999864 	 0.000146 	 134.995004 	 0.019658
42559 	 0.999576 	 0.000494 	 135.033833 	 0.066695
42438 	 1.000983 	 0.000143 	 134.844041 	 0.019230
42000 	 1.002178 	 0.000145 	 134.683246 	 0.019519
42366 	 0.999114 	 0.000144 	 135.096233 	 0.019517
42151 	 0.999782 	 0.000147 	 135.006057 	 0.019888
42511 	 0.999259 	 0.000140 	 135.076646 	 0.018980
41995 	 1.002037 	 0.000143 	 134.702255 	 0.019232
41906 	 1.010230 	 0.000142 	 133.609809 	 0.018722
42236 	 0.999884 	 0.000142 	 134.992192 	 0.019180
42241 	 0.999328 	 0.000139 	 135.067340 	 0.018828
42411 	 0.998926 	 0.000272 	 135.121721 	 0.036829
42115 	 1.000334 	 0.000157 	 134.931487 	 0.021142
42147 	 0.999983 	 0.000145 	 134.978858 	 0.019608
42259 	 1.000437 	 0.000154 	 134.917590 	 0.020727
42168 	 1.000071 	 0.000142 	 134.966976 	 0.019147
42409 	 0.998890 	 0.000137 	 135.126549 	 0.018522
42107 	 1.000174 	 0.000143 	 134.953183 	 0.019360
42551 	 1.000531 	 0.001216 	 134.904990 	 0.163968
42090 	 1.000261 	 0.000145 	 134.941352 	 0.019612
42363 	 0.999056 	 0.000205 	 135.104149 	 0.027765
41905 	 1.009170 	 0.000377 	 133.750067 	 0.049981
42350 	 0.998999 	 0.000142 	 135.111878 	 0.019269
42563 	 1.004649 	 0.000481 	 134.352000 	 0.064285
42375 	 1.000243 	 0.000142 	 134.943768 	 0.019110
42310 	 0.999402 	 0.000143 	 135.057301 	 0.019349
42174 	 0.999093 	 0.000159 	 135.099199 	 0.021560
42116 	 1.000241 	 0.000142 	 134.944071 	 0.019141
42608 	 0.999947 	 0.000137 	 134.983791 	 0.018519
42085 	 1.000646 	 0.000145 	 134.889454 	 0.019486
42281 	 0.999238 	 0.000138 	 135.079549 	 0.018641
42352 	 0.998497 	 0.000138 	 135.179837 	 0.018749
41925 	 1.005301 	 0.000145 	 134.264815 	 0.019350
42493 	 0.998995 	 0.000138 	 135.112409 	 0.018622
41986 	 1.002696 	 0.000143 	 134.613652 	 0.019145
41911 	 1.007493 	 0.000141 	 133.972768 	 0.018701
42129 	 0.999680 	 0.000144 	 135.019764 	 0.019462
41981 	 1.002356 	 0.000142 	 134.659306 	 0.019114
42228 	 1.000454 	 0.000186 	 134.915351 	 0.025064
42277 	 0.999739 	 0.000138 	 135.011849 	 0.018665
42518 	 0.999725 	 0.000137 	 135.013734 	 0.018504
42578 	 1.000826 	 0.000509 	 134.865228 	 0.068538
42372 	 1.000010 	 0.000137 	 134.975253 	 0.018502
42073 	 1.000454 	 0.000140 	 134.915287 	 0.018941
42010 	 1.001904 	 0.000142 	 134.720038 	 0.019040
42538 	 1.002665 	 0.000509 	 134.617815 	 0.068297
42081 	 1.000162 	 0.000142 	 134.954777 	 0.019147
41967 	 1.002963 	 0.000142 	 134.577844 	 0.019057
42196 	 0.999576 	 0.000148 	 135.033824 	 0.019986
42033 	 1.001892 	 0.000143 	 134.721727 	 0.019246
42025 	 1.001252 	 0.000144 	 134.807758 	 0.019374
42354 	 0.998756 	 0.000145 	 135.144744 	 0.019603
42013 	 1.001656 	 0.000135 	 134.753455 	 0.018120
42163 	 1.000246 	 0.000141 	 134.943394 	 0.018991
42351 	 0.998989 	 0.000138 	 135.113151 	 0.018721
42244 	 1.004654 	 0.000208 	 134.351371 	 0.027822
42592 	 0.996892 	 0.001335 	 135.397382 	 0.181336
42614 	 0.999497 	 0.000138 	 135.044550 	 0.018643
42378 	 1.000153 	 0.000139 	 134.955925 	 0.018720
42567 	 0.995045 	 0.000538 	 135.648715 	 0.073308
42176 	 0.999420 	 0.000142 	 135.054865 	 0.019197
42507 	 0.999180 	 0.000140 	 135.087438 	 0.018965
42328 	 0.999718 	 0.000140 	 135.014618 	 0.018848
41984 	 1.002240 	 0.000602 	 134.674899 	 0.080854
42459 	 0.999395 	 0.000194 	 135.058326 	 0.026192
42311 	 0.999306 	 0.000141 	 135.070387 	 0.019057
42348 	 1.038277 	 0.060078 	 130.000553 	 7.522246
42540 	 1.006985 	 0.008509 	 134.040266 	 1.132606
41939 	 1.035293 	 0.070241 	 130.375304 	 8.845451
42103 	 1.000387 	 0.000143 	 134.924336 	 0.019328
42291 	 0.999517 	 0.000164 	 135.041798 	 0.022192
42233 	 1.000179 	 0.000140 	 134.952476 	 0.018945
42007 	 1.002275 	 0.000147 	 134.670165 	 0.019761
41904 	 1.038001 	 0.000000 	 130.035163 	 0.000035
42380 	 1.000806 	 0.000197 	 134.867959 	 0.026592
42131 	 0.999935 	 0.000147 	 134.985422 	 0.019904
42312 	 0.999811 	 0.000175 	 135.002173 	 0.023684
42113 	 0.998571 	 0.000612 	 135.169690 	 0.082791
41988 	 1.002416 	 0.000143 	 134.651274 	 0.019270
41979 	 1.003049 	 0.000142 	 134.566264 	 0.019116
41953 	 1.003744 	 0.000149 	 134.473164 	 0.019902
42183 	 0.999915 	 0.000148 	 134.988064 	 0.019988
42044 	 1.001628 	 0.000150 	 134.757225 	 0.020157
42345 	 0.998937 	 0.000145 	 135.120193 	 0.019607
42099 	 1.000413 	 0.000277 	 134.920815 	 0.037330
42382 	 0.999804 	 0.000144 	 135.003090 	 0.019492
42442 	 1.000503 	 0.000143 	 134.908704 	 0.019238
42384 	 0.999646 	 0.000144 	 135.024368 	 0.019464
42393 	 0.998894 	 0.000142 	 135.126113 	 0.019179
42315 	 1.000183 	 0.000144 	 134.951955 	 0.019424
42298 	 0.999430 	 0.000139 	 135.053623 	 0.018814
42597 	 1.000103 	 0.000176 	 134.962717 	 0.023790
42268 	 1.000098 	 0.000141 	 134.963376 	 0.019078
42305 	 0.999261 	 0.000142 	 135.076388 	 0.019149
42436 	 1.000439 	 0.000451 	 134.917395 	 0.060870
42533 	 1.003469 	 0.000564 	 134.509984 	 0.075575
42097 	 1.000179 	 0.000148 	 134.952452 	 0.019915
42330 	 0.999862 	 0.000139 	 134.995243 	 0.018802
42504 	 0.995044 	 0.000131 	 135.648868 	 0.017903
41943 	 1.006839 	 0.000146 	 134.059795 	 0.019491
42211 	 0.999456 	 0.000148 	 135.050018 	 0.019978
42239 	 1.000075 	 0.000141 	 134.966530 	 0.018977
42494 	 0.999400 	 0.000138 	 135.057676 	 0.018697
42319 	 1.001165 	 0.000141 	 134.819484 	 0.018933
42585 	 0.997950 	 0.000488 	 135.253815 	 0.066109
42294 	 0.999424 	 0.000139 	 135.054439 	 0.018716
42325 	 0.999692 	 0.000139 	 135.018170 	 0.018720
42632 	 0.999707 	 0.000138 	 135.016097 	 0.018680
42586 	 1.001794 	 0.000477 	 134.734905 	 0.064087
42516 	 0.999908 	 0.000140 	 134.989080 	 0.018844
42040 	 1.000862 	 0.000143 	 134.860362 	 0.019333
42571 	 0.996470 	 0.000579 	 135.454726 	 0.078689
42015 	 1.001266 	 0.000143 	 134.805975 	 0.019294
42218 	 0.999682 	 0.000212 	 135.019584 	 0.028619
42230 	 1.000134 	 0.000139 	 134.958560 	 0.018718
42593 	 0.997085 	 0.001867 	 135.371238 	 0.253423
42134 	 1.000220 	 0.000147 	 134.946897 	 0.019895
42541 	 1.004104 	 0.000515 	 134.424934 	 0.068957
41951 	 1.003305 	 0.000146 	 134.532008 	 0.019602
42624 	 1.000575 	 0.000142 	 134.899037 	 0.019184
42002 	 1.002736 	 0.000430 	 134.608377 	 0.057790
42016 	 1.001639 	 0.000148 	 134.755701 	 0.019896
42179 	 0.998966 	 0.000148 	 135.116281 	 0.020026
42523 	 0.999320 	 0.000138 	 135.068461 	 0.018692
42100 	 1.000191 	 0.000143 	 134.950851 	 0.019233
41917 	 1.006436 	 0.000140 	 134.113399 	 0.018613
42534 	 1.004315 	 0.000554 	 134.396717 	 0.074106
42410 	 0.998466 	 0.000139 	 135.183999 	 0.018872
42595 	 0.998663 	 0.000510 	 135.157285 	 0.068969
42525 	 1.013914 	 0.004716 	 133.124270 	 0.619261
42392 	 0.999370 	 0.000143 	 135.061625 	 0.019358
42260 	 1.000315 	 0.000144 	 134.934048 	 0.019447
42052 	 1.001147 	 0.000142 	 134.821970 	 0.019153
42255 	 1.000848 	 0.000142 	 134.862217 	 0.019171
42496 	 0.999655 	 0.000138 	 135.023142 	 0.018694
42515 	 0.999040 	 0.000137 	 135.106242 	 0.018518
42637 	 1.004454 	 0.000139 	 134.378123 	 0.018647
42101 	 1.000642 	 0.000144 	 134.889987 	 0.019408
42486 	 0.999213 	 0.000138 	 135.082873 	 0.018693
42552 	 1.001219 	 0.000665 	 134.812233 	 0.089606
42069 	 1.021121 	 0.000023 	 132.184700 	 0.002971
42258 	 1.000357 	 0.000143 	 134.928424 	 0.019307
42289 	 0.999078 	 0.000134 	 135.101184 	 0.018096
42135 	 0.999727 	 0.000144 	 135.013470 	 0.019382
42306 	 0.999078 	 0.000141 	 135.101184 	 0.019056
42038 	 1.001214 	 0.000143 	 134.812870 	 0.019319
41908 	 1.009063 	 0.000142 	 133.764290 	 0.018764
42261 	 1.000095 	 0.000143 	 134.963765 	 0.019252
42622 	 1.000819 	 0.000143 	 134.866168 	 0.019208
42322 	 1.000664 	 0.000139 	 134.887048 	 0.018795
42273 	 0.999603 	 0.000145 	 135.030265 	 0.019570
42497 	 0.999753 	 0.000141 	 135.010006 	 0.018992
42530 	 1.009287 	 0.000948 	 133.734562 	 0.125585
42288 	 0.999264 	 0.000140 	 135.075989 	 0.018862
42152 	 1.000237 	 0.000143 	 134.944596 	 0.019273
41927 	 1.004937 	 0.000141 	 134.313451 	 0.018868
42279 	 0.999360 	 0.000136 	 135.063010 	 0.018447
42340 	 0.999344 	 0.000138 	 135.065215 	 0.018648
42503 	 0.999377 	 0.000138 	 135.060767 	 0.018691
42489 	 0.999153 	 0.000138 	 135.091060 	 0.018662
41993 	 1.001705 	 0.000202 	 134.746799 	 0.027120
42194 	 0.999903 	 0.000147 	 134.989701 	 0.019910
42110 	 1.000499 	 0.000143 	 134.909220 	 0.019314
42050 	 1.001308 	 0.000141 	 134.800291 	 0.019043
42248 	 0.999908 	 0.000139 	 134.988975 	 0.018766
42161 	 1.000858 	 0.000140 	 134.860823 	 0.018878
42588 	 0.996720 	 0.000584 	 135.420724 	 0.079407
41942 	 1.006151 	 0.000146 	 134.151418 	 0.019482
42467 	 0.999018 	 0.000140 	 135.109343 	 0.018964
42046 	 1.001885 	 0.000145 	 134.722628 	 0.019560
42613 	 0.999174 	 0.000138 	 135.088220 	 0.018704
42482 	 0.999018 	 0.000137 	 135.109221 	 0.018557
42519 	 0.999511 	 0.000137 	 135.042597 	 0.018497
41996 	 1.001654 	 0.000146 	 134.753776 	 0.019635
42004 	 1.001549 	 0.000144 	 134.767812 	 0.019352
42589 	 1.001610 	 0.000498 	 134.759684 	 0.067025
42461 	 0.999607 	 0.000137 	 135.029692 	 0.018523
42590 	 0.999352 	 0.000510 	 135.064088 	 0.068897
42412 	 0.998569 	 0.000142 	 135.169999 	 0.019204
42631 	 0.999572 	 0.000137 	 135.034390 	 0.018463
42495 	 0.998849 	 0.000186 	 135.132080 	 0.025130
42217 	 0.999463 	 0.000142 	 135.049159 	 0.019214
42524 	 0.999316 	 0.000351 	 135.069038 	 0.047504
41962 	 1.002873 	 0.000214 	 134.589913 	 0.028698
42336 	 0.999172 	 0.000140 	 135.088439 	 0.018933
42283 	 0.999057 	 0.000139 	 135.104034 	 0.018802
42254 	 1.000731 	 0.000144 	 134.878070 	 0.019419
42634 	 0.993612 	 0.053157 	 135.844412 	 7.267549
42522 	 0.999133 	 0.000144 	 135.093775 	 0.019534
42035 	 1.001395 	 0.000143 	 134.788564 	 0.019299
42213 	 0.999291 	 0.000151 	 135.072332 	 0.020468
42463 	 0.999305 	 0.000140 	 135.070443 	 0.018862
42320 	 1.000584 	 0.000140 	 134.897835 	 0.018830
42275 	 0.999536 	 0.000143 	 135.039288 	 0.019353
42644 	 1.000413 	 0.000156 	 134.920865 	 0.021014
42245 	 0.999667 	 0.000139 	 135.021609 	 0.018782
42079 	 1.000191 	 0.000144 	 134.950786 	 0.019479
42042 	 1.001640 	 0.000146 	 134.755603 	 0.019600
42304 	 0.999134 	 0.000140 	 135.093563 	 0.018895
42373 	 1.000044 	 0.000144 	 134.970626 	 0.019420
42165 	 1.000660 	 0.000137 	 134.887575 	 0.018457
42417 	 0.999769 	 0.000141 	 135.007842 	 0.018988
42034 	 1.001502 	 0.000143 	 134.774230 	 0.019291
42526 	 1.019065 	 0.002119 	 132.451405 	 0.275430
41999 	 1.002081 	 0.000219 	 134.696334 	 0.029441
42573 	 1.007895 	 0.001014 	 133.919350 	 0.134776
42395 	 0.998942 	 0.000143 	 135.119606 	 0.019336
41947 	 1.005296 	 0.000145 	 134.265575 	 0.019347
42316 	 1.000004 	 0.000164 	 134.976108 	 0.022178
42369 	 0.999736 	 0.000137 	 135.012197 	 0.018545
42114 	 0.999999 	 0.000141 	 134.976733 	 0.019094
41929 	 1.004583 	 0.000145 	 134.360814 	 0.019393
42388 	 0.999087 	 0.000144 	 135.099922 	 0.019455
42625 	 1.000439 	 0.000142 	 134.917415 	 0.019122
41956 	 1.003364 	 0.000148 	 134.524087 	 0.019824
42628 	 0.999841 	 0.000140 	 134.998018 	 0.018929
42229 	 1.000361 	 0.000139 	 134.927927 	 0.018748
41934 	 1.004439 	 0.000145 	 134.380024 	 0.019418
42635 	 0.964119 	 0.005958 	 139.999999 	 0.865158
